000110100100000010100010001010001010010000100010100000000000000000001001010000001100001000000100
010000110000100010000000100010000010000000000001000000010000100110001001010000000000011001000100
000100010100001001101101000000111001000001101000000000000011100000001010101010000011000100111010
000100010001110101000000110001010100100001000001001100100000010000000010010010000000000000001101
000000100010010100000100100000101110101000101000110010000000100000001000100000010100000001010011
000000000011001001011000110010110101010001000000000000100010100001000000101000100000110000100010
000000000010010010000110001010010100010001001000000000000000110000101001011010010010110111000100
111100000000001001100010000010001100100100000000010000000000101000110100010011000000100100001100
110011000000000101000000000010101100111000000100000011110000100100010000001110010100100000001001
000001001100100000000000000000100100000000000000000010001000010110100100000001101100010000010100
000110000010001000001011000000010001100000000010001100100010100001000000000100100000100110000000
100010000000000000000101100000100000010100110000000011000000000011110000001000000001100000000000
001101000000001001110100001100010111100000100000000000101001010100100000010100100100010000000100
000100000100000000000110000100001010100100110000000000111100110100000000010101111001100000001000
011111000010000100000101000000111000010001001000100000110000100001010100101000010000101000001110
110110100001010010000000001100010101101100010000101100001100010010100000000010010000110000010100
001000001010001100000000011010000010100000000001010001011000000101101001100010011000100000010011
101010000000000000011000000100000101111000011001000100100001100011001000001001111000110011100010
100100001011011001100010101000000100101011011010001000011010110011100000010000100001111100110110
111100100010010000010000111000101000100010011000010010010100100010110001110000010001000000001000
001111000010101000010001000110111000010001011010110000010011100110110110010010000000001110011000
000000000001000100000011011000001000001000000110100010101100101010100000011000100001010000001100
001000000010001000000001001000000001000001100000010100000000000001001001000000010000110001000000
011111001000100000000000110111100110010001101000100010000000000011000000010000110001100000010110
011101010101000001000000101000000001100010010000000000001000000011101101000010110011111000101000
001110010011010000000001000010100001101000111001110010011000100000001011000000011000011100011110
001100011010001000000100000100100110100001011001100000110000011010100000000000010000100010010000
000000000001110100100111001100000000000001000010100110011000000000000010101000001000100000001000
110001110100000001000010011000000000001010110000010000100010000101001010000001010011101000100000
000001000010001000100000100100000011010110101000000011000100000010111100000010100000001010000000
010000010001000100000010010010011010000000010011100001001000000100000110001001100001001000000111
000001100010001001010100101110010000000000110010011101000010001011000010000000110011011000000110
001010100110001000001111000100010001001000010000100001100000010011000000100000101100000100000001
000110000010000110000010001001001000000011101101100010010001000100001001001100000011111110100000
001100100010100100010011011001011000000100101000100110010000100100011010000010101000000010000000
010000001011000010010001101000000001100000000100000000000001011010000101010000011000001101100101
100001100110010100010110110000000110000000010000000010000110001000100101000010100001001000010100
010000001011011001000100000000000010001001010000010010000001000100000110101000000000001000110010
010110110000001100000110011001111000000110000100010000010111000110000011010000100001000110001001
001010000000010101001011001000001000010010000010001110010000010100000000010010001000000000101000
000010001010000000010001000101000000000101110100000001101000101110100010001100001000010000000001
100000001100000001101000000010101001110101001001011100000100010011000101010001000000000100001100
001000000001100101000010001000000000010110100000001000000100100000001110011110011010001010011010
000000000010111010000100010000000000000000010100111000000000000001000101110100000000101000010000
000000111001011010001110001000100101000010000000110000000000100011001000100000010000000100011100
111111001110001110000100100100010000011010000100001000000110000110000000000000010001010000000100
101010010000001000000100000000100010100100000000001100000111001100110100000000100101100010001000
110001001011000010000000011011000101010101011100100110100000101110100001010011001000000101001101
000000001000000000001100000000100000010010011000101010000000100000100100100000100000101000010000
010000010010000000000011001000001011000100001001010001000010100000000010000010010001011010110010
000010010001000101100000100001101011100100001001111001000100000101011000001010001000111010001000
000000101000000100001000111001101100001010101100011000101100000100100011000000100011000000110011
011000100000101010000001000001000000000100011100010000010111000010011010010001011010101110110001
101010000111000000001011110011010001000100010000000000011001000001100100010000101010000000001010
110100011000110001001111001010101010001011011000001010000000010001000110000001100000010000110100
100100011000000001001100100000000011100001010100110100110010001010000010000100011000100000110100
000101010000010100000000010101010001010101001100111000000101001100100000001001000010010000010000
010100011000000000010001100001100000000110001001010000000100000101110000001001100010100000010000
101010000100100001101010000011000101101100010011000000010010010010001111010000010010000100100001
101000010001001000011010011101000001001100110101000100000000000000010101100001100000000000110000
000100101100101000100001100000101010000100001010001001010000000110000100100000111000011100000010
000000111000010000010000010000000010010000111000000000000110000010001011011000011000000100000010
100000110000100000101110000100000011010010000010000000111100010100101010010000000101000000101001
000110011000000010000001100000100000000000001101000101001110000101001001000110000000000101001000
001101001000101000000011001111010100001000010100100101011110011010001010110000010000010010000000
011000010001100010000010001011000001100100110100010110001000010000001100001000111000000000000001
000100000000000001000001000011010110010010010001000000001000000100111100000001101000000011100000
000010000001100010001000001100011110100111001000010001000000001010000101000010100111110000010000
001001001000001000011101111100010010011100100010000110110000100111100000001010000000100001000100
000100100000010010011001000001000011000001010000000011000000001100000001010000001010110000111010
001000000000001000010111110000100001100000000101010000000110100110010011001000010010000010000010
111000010000000101000111000000111000110100011000000001100000000100100001000000000001000000001000
001001110100010100000010101000101011010000000110000010001000101000010000000001001001000100100100
010001101000101000100000000010000000001000100100011100000000100010001100001011100100100101101011
000001000110010000000000101000011010010100000010101101010010100001000001000001101001010001000100
100000101100010000000101001011101000000010100000100010000101010010000010001000010011000000101101
001000011000001000101000000110100100000000100010000110001011000001001010010000100010000000000000
100010010010100000101101000110011001010000100010000010010101000011000001000100100001100101001000
000110011110110100000010000000010100100011001001100010000111010010001001110101100100010000110010
000000101010011000000000000001010100001100010000000110001010000011100100001011001000000001000000
000011010100110000010110100010010011010100111010010110000010000101101001100000110001000101000101
101001000100010111000001100110100000000010011111100110000001110010000011010011001110000110100000
000000011000001100010000000100100010000000100000001001001000000000000010000001000010011010000100
100010110100010110000000101010011010000100010000100000100000000001100001100001100001100000000000
010000011010000110000001000000000000001010000000100111000001000010100000100011100110101010100011
001100001001001000010000100000011000010100000001100100101010010110000000010001010100000001011010
100100000000011001010001001011110101010110000010011100000010000001000001010000101011000011010101
010111000110111000000000010000110010000010011000100100000001100100000111000000100110000001000100
100000011000010000010011000001100000000110101000100110000101101110100110010100001111000001000000
011000110010011000000001000110100001110100010001000010110100000001000011000000111110000000000000
000001110100000100000000100000010100001010000000000000100011001010001000000101010110001000011000
000101011001000100000010000110000001000110110100010001100110000110000000111111000001000100101000
000000100100100000000000000000000001101100010010010001000111011110100000001011010010000000000001
010000000000100010100100010000000010000101000000000100110010100010000000010001010011100000100000
100000010000001000001100000010010100000000000000000000000000000000100101000000011000010000000000
000000010010100110000000100000000010100000000000000010000000000000000010001000110000000010000011
